07794351000160 20206
01917705000130 19313
07620094000140 20150
07628528000159 20036
02387241000160 17450
61079117000105 10456
02808708000107 18112
61156931000178 12823
92189356000133 574
60664810000174 108
45987245000192 701
00000000000191 1023
60746948000112 906
08613550000198 21180
28127603000178 1155
13009717000146 1120
17184037000110 1325
07237373000120 1228
50564053000103 12190
03847461000192 18724
42150391000170 4820
92702067000196 1210
76535764000143 11312
02570688000170 17680
61088894000108 2100
58128174000114 2810
08801621000186 21040
02846056000197 18821
00070698000111 14451
17245234000100 3077
15139629000194 14524
08467115000100 20648
10835932000108 14362
60933603000178 2577
61856571000117 15636
92012467000170 4537
24956666000186 18490
83878892000155 2461
17155730000164 2453
60882628000190 4650
07047251000170 14869
76483817000120 14311
58877812000108 19046
50746577000115 19836
33042730000104 4030
04032433000180 19100
82640558000104 4146
22677520000176 3158
51468056000106 12181
73178600000118 14460
92825900000196 5150
33433665000148 3182
84683408000103 5207
61585865000151 5258
84683762000120 8648
61194080000158 5274
01971614000183 16497
92715812000131 3204
02328280000197 17485
13788120000147 4359
00001180000126 2437
61695227000193 14176
57488645000132 5479
02302101000142 16993
07689002000189 20087
00864214000106 15253
06272793000184 16608
03220438000173 20010
08807432000110 21016
61092037000181 5762
56643018000166 5770
61410395000195 6017
15141799000103 3069
19443985000158 14028
92781335000102 6173
88610126000129 6211
88611983000143 6378
02998301000181 18368
02998609000127 18350
33611500000119 3980
33041260000164 6505
92690783000109 8656
07857850000150 NULL
89850341000160 19615
30540991000166 13366
87762563000103 3298
92660604000182 140
76627504000106 7595
54526082000131 12530
61532644000115 7617
60872504000123 19348
60637238000154 12319
33035536000100 7811
91983056000169 7870
33014556000196 8087
60476884000187 8575
60444437000146 8036
03378521000175 19879
01104937000170 15784
92754738000162 8133
93828986000173 13854
17162082000173 4782
61065298000102 8397
02762115000149 17914
90076886000140 13765
33102476000192 8893
04423567000121 21237
08343492000120 20915
86375425000109 8753
84683671000194 11991
61156113000175 11932
71673990000177 19550
00108786000165 14621
07957093000196 20168
92693019000189 94
47508411000156 14826
02950811000189 20478
33000167000101 9512
51928174000150 13471
60398369000126 9393
88611835000129 8451
01838723000127 16292
02149205000169 16659
88613658000110 9539
91820068000172 13412
92791243000103 2429
89086144000116 14109
91333666000117 12572
61584140000149 3190
16670085000155 19739
56720428000163 7510
61065751000180 16306
94789468000150 18279
43776517000180 14443
29780061000109 13781
82981929000103 3549
33228024000151 11070
84693183000168 14664
60500139000126 10472
33386210000119 10880
01832635000118 16390
08665255000185 NULL
02474103000119 17329
33111246000190 11207
02558115000121 17639
82636986000155 11223
08424178000171 11215
33467572000134 11231
02558157000162 17671
33000118000179 11320
02558154000129 17604
02558134000158 17655
90286105000141 11452
02998611000104 18376
33256439000139 18465
33958695000178 11592
60894730000105 14320
33592510000154 4170
60643228000121 12793
02558074000173 17710
84429695000111 5410
33390170000189 2658
82640723000110 566
60942638000173 1422
15082688000173 14516
83296889000123 10243
88948492000192 14044
92689256000176 5193
33069766000181 2860
94845674000130 9997
02320739000106 17213
02558118000165 17701
33700394000140 11584
29667227000177 13994
61632964000147 14494
02659727000100 17752
00022034000187 14753
62791116000143 2763
02340278000133 17280
03114361000157 20095
92776665000100 12238