00000000000191 1023 12/11/2003 0 0 743275506498 743275506
00000000000191 1023 16/02/2004 0 0 743275506 810617415
00000000000191 1023 24/08/2006 0 0 810617415 825316423
00000000000191 1023 25/04/2007 0 0 825316423 2475949269
83296889000123 10243 30/04/2002 0 0 8720442957 218011
61079117000105 10456 01/04/2005 0 0 1950251 19502
60500139000126 10472 06/01/2006 0 0 23269203 25596123
60664810000174 108 14/12/2009 0 0 3296204 4944307
33386210000119 10880 28/04/1997 0 0 6056820 6420000
33228024000151 11070 27/04/2007 0 0 29131 7282
13009717000146 1120 28/06/2007 0.1915 9.5737 527072 10541
33111246000190 11207 27/04/2007 0.00983333 13.5125 960000 960
33111246000190 11207 28/04/2008 13.5125 0.135125 960 96000
33111246000190 11207 30/04/2009 13.5125 0.135125 960 96000
33467572000134 11231 22/04/2008 0 0 2030 2347
33467572000134 11231 23/04/2009 0 0 2347 2545
33467572000134 11231 26/04/2007 0 0 203000 2030
76535764000143 11312 02/05/2006 0 0 555298280831 560950290399
76535764000143 11312 10/04/2007 0 0 560950290399 560950289
76535764000143 11312 12/09/2000 0.478909 0.0122797 11872214 463016353
76535764000143 11312 19/09/2000 0 0 11872214 463016353
76535764000143 11312 30/03/2005 0 0 549715344943 555298280831
33000118000179 11320 13/05/2004 0.0294655 29.4655 241668233 241668
33000118000179 11320 14/05/2004 0.0294655 29.4655 241668233 241668
90286105000141 11452 01/06/2007 0 0 42391 42670
90286105000141 11452 03/04/2007 0 0 38444 38577
90286105000141 11452 05/04/2007 0 0 38577 41591
90286105000141 11452 10/05/2007 0 0 41591 42391
90286105000141 11452 10/08/1994 0 0 11386 11386
90286105000141 11452 11/11/2003 0 0 24357 31357
90286105000141 11452 12/02/2004 0 0 24357 31357
90286105000141 11452 12/06/2006 0 0 38358 38444
90286105000141 11452 17/01/1991 0 0 7554 11302
90286105000141 11452 17/03/2006 0 0 31357 38358
90286105000141 11452 18/08/2003 0 0 20860 24357
90286105000141 11452 28/01/1994 0 0 11302 11386
90286105000141 11452 30/05/2001 0 0 11386 17079
90286105000141 11452 30/06/2002 0 0 20824 20860
33700394000140 11584 07/07/2006 0 0 1408858332 2807755808
33700394000140 11584 30/04/1996 0 0 47597763 95195526
33700394000140 11584 31/08/2004 0 0 140885833 1408858
33958695000178 11592 09/05/2000 1 1 216229 302721
33958695000178 11592 15/04/2008 1 1 759544 835498
33958695000178 11592 16/04/2007 1 1 632953 759544
33958695000178 11592 24/04/2009 1 1 835498 835498
33958695000178 11592 25/04/2003 1 1 363265 399592
33958695000178 11592 27/04/2001 1 1 302721 363265
33958695000178 11592 27/04/2004 1 1 399592 479510
33958695000178 11592 27/04/2005 1 1 479510 575412
33958695000178 11592 27/04/2006 1 1 575412 632953
33958695000178 11592 28/04/1995 1 1 47570444 172983
33958695000178 11592 28/04/1997 1 1 216229 216229
33958695000178 11592 30/04/1996 1 1 172983 216229
61156113000175 11932 21/03/2005 0 0 2661615 53232
92702067000196 1210 01/06/2007 0 0 51346172 342308
92702067000196 1210 05/09/1996 0 0 1076937 1076937
92702067000196 1210 15/12/1995 0 0 501937385 1076937
92702067000196 1210 29/12/1998 0 0 1076937 41076936
92702067000196 1210 30/04/2007 0 0 41076937 51346172
92776665000100 12238 23/07/2007 0 0 64829608 64830
92776665000100 12238 27/04/1999 0 0 64670757 64670757
92776665000100 12238 29/04/1996 0 0 64670757 64670757
92776665000100 12238 29/04/1997 0 0 64670757 64670757
92776665000100 12238 29/04/1998 0 0 64670757 64670757
60637238000154 12319 27/04/2007 0.06429 0.06429 66587001453 66587001
91333666000117 12572 06/11/2008 1.48 2.09 6747 9108
91333666000117 12572 29/12/2009 2.09 2.58 9108 12820
60643228000121 12793 18/10/2004 0 0 38322699 191613
60643228000121 12793 24/05/2006 0 0 191613 204145
60643228000121 12793 24/08/2009 0 0 390164 467934
60643228000121 12793 27/05/2009 0 0 201361 412156
60643228000121 12793 29/08/2008 0 0 204145 201361
60643228000121 12793 30/05/2009 0 0 412156 390164
51928174000150 13471 12/05/1995 0 0 8143035 10543035
51928174000150 13471 28/09/1994 0 0 7300000 8143035
90076886000140 13765 06/10/1993 0 0 17595231 31319511
90076886000140 13765 07/11/2007 4.01408 0.401408 2415 24150
90076886000140 13765 11/05/1995 0 0 193200000 19320000
90076886000140 13765 16/12/1993 0 0 31319511 62639021
90076886000140 13765 20/01/1995 0 0 62639021 96600000
90076886000140 13765 27/05/2009 0.401408 0.100352 24150 96600
29780061000109 13781 18/05/1999 0 0 18882314 53157227572
29780061000109 13781 19/06/2006 0 0 43357962785 43357963
92660604000182 140 07/11/2005 0 0 209204597 20920
92660604000182 140 21/11/2005 0 0 209204597 20920
19443985000158 14028 10/09/2008 74.4 18.6 106606367 426425468
19443985000158 14028 28/04/2006 0 0 106606367116 106606367
89086144000116 14109 30/04/2004 0 0 150523636 150523
61695227000193 14176 26/02/2008 0 0 41835971676 167343887
60942638000173 1422 10/03/1997 0 0 5362264 5576754
60942638000173 1422 15/03/1999 0 0 973407 1002609
60942638000173 1422 18/03/1996 0 0 4774096 5156023
60942638000173 1422 19/03/1998 0 0 455471 473690
60942638000173 1422 19/08/1996 0 0 5156023 5362264
60942638000173 1422 25/08/1997 0 0 8354535 8688717
60942638000173 1422 27/11/1997 0 0 8688717 455471
60942638000173 1422 29/07/1998 0 0 473690 492637
76483817000120 14311 02/07/2007 0 0 273655376 273655
60894730000105 14320 06/07/1994 0 0 65296462294 435309747
60894730000105 14320 27/11/2007 0 0 225285730 337928730
60894730000105 14320 29/01/1999 0 0 435309747 2176548
60894730000105 14320 29/04/2008 0 0 337928730 506893095
10835932000108 14362 07/11/2007 0 0 74612388 74612
00070698000111 14451 30/04/1998 0.0659374 0.0388046 656501 1631715
00070698000111 14451 30/04/2007 50 25 4591730021 9183458
73178600000118 14460 07/12/2006 0 0 177232439 354464878
73178600000118 14460 30/04/1996 0 0 1750000 35000
61632964000147 14494 10/11/1994 0 0 100000 10000000
61632964000147 14494 13/08/1997 0 0 10019928 100199
61632964000147 14494 28/03/1995 0 0 10019928 10019928
61632964000147 14494 28/04/2008 0 0 100199 104753
15082688000173 14516 23/03/2005 0 0 1000000 20000
15139629000194 14524 06/11/2007 0 0 18817734 188177
15139629000194 14524 18/07/1995 0 0 7190144597 7190145
00108786000165 14621 02/05/2002 0 0 2811252860 281125286
00108786000165 14621 14/06/2002 0.35 3.5 2811252860 281125286
00108786000165 14621 17/06/2002 0.35 3.5 2811252860 281125286
00108786000165 14621 28/04/2006 0 0 4019812035 267987468
84693183000168 14664 11/04/2008 7.98008 7.98008 10257 12763
00022034000187 14753 16/07/2008 0 0 1643587687 1807946455
00022034000187 14753 30/04/1996 0 0 25469767215 50939534430
00022034000187 14753 31/08/2004 0 0 84330476296 843304762
47508411000156 14826 21/09/1995 0 0 59291125 69491125
47508411000156 14826 28/08/1995 0 0 5929112 59291125
07047251000170 14869 30/04/2007 0 0 155710600088 77855299
00864214000106 15253 23/04/2007 0 0 20738322 207738322
00864214000106 15253 25/02/1998 1 16.96 45477 182142139
01838723000127 16292 08/03/2006 75 25 44652384 133957152
61065751000180 16306 12/03/2008 0 0 78851814 157703628
61065751000180 16306 26/01/2006 0 0 386814516 48351814
01832635000118 16390 16/05/2005 0 0 61365 122729
01971614000183 16497 11/07/2007 0 0 1900064 1900
06272793000184 16608 17/04/2008 0 0 16390155 163901
06272793000184 16608 23/04/1995 1 1 45217074 459752659
06272793000184 16608 23/04/1996 1 1 45217074 459752659
06272793000184 16608 30/04/1996 1 1 459752659 470700962
02149205000169 16659 27/03/2009 3.98885 4.01135 230642811 229349211
02149205000169 16659 28/03/2008 11.9666 3.98885 76880937 230642811
02149205000169 16659 30/03/2007 10.4057 10.4057 76880937 76880937
02149205000169 16659 31/03/2006 6.72172 6.72172 76880937 76880937
02302101000142 16993 26/07/2007 0 0 36947082 36947
02474103000119 17329 07/04/2005 0 0 652742193511 652742192
02474103000119 17329 07/04/2006 0 0 652742193511 652742192
02387241000160 17450 01/04/1999 0 0 40690760 3
02387241000160 17450 05/09/2006 0 0 286499 2864986
02387241000160 17450 10/03/2005 0 0 43218 216090
02387241000160 17450 14/05/2004 0 0 36197170987 36197171
02328280000197 17485 03/01/2001 7.03565 7.03565 137791862 137791862
02328280000197 17485 31/03/2008 0 0 387518531 193759
02558115000121 17639 30/05/2007 0.00322473 3.22473 2329714860 2329715
02558134000158 17655 17/04/2000 0.0111877 0.0110645 334399028 373107092
02558157000162 17671 11/05/2005 0 0 493592279 493592
02570688000170 17680 27/04/2007 0 0 363969213887 363969213
02570688000170 17680 30/03/2005 0 0 360039441183 363969213887
02558074000173 17710 01/04/2005 0 0 1582563527 633026
02558074000173 17710 11/09/2008 0 0 1474077 368519
02558074000173 17710 29/07/2005 0 0 633026 662325
02659727000100 17752 12/04/2006 0 0 3881332 776
02762115000149 17914 03/08/2009 0 0 305123440 305123440
02762115000149 17914 06/07/2006 0 0 187552806 2431000
02762115000149 17914 07/04/2008 0 0 15230492 304609840
02762115000149 17914 13/10/2008 0 0 304609840 304866640
02762115000149 17914 23/07/2007 0 0 7607756 15215512
02762115000149 17914 25/01/2007 0 0 3803878 7607756
02762115000149 17914 28/04/2006 0 0 77214 187552806
02762115000149 17914 31/08/2007 0 0 15215512 15230492
02808708000107 18112 01/11/2001 0 0 39215188245 39741398444
02808708000107 18112 20/10/2000 0 0 7729216120 38646080600
02808708000107 18112 29/06/2007 0 0 62441723602 624417235
02808708000107 18112 30/03/2001 0 0 38646080444 39215188245
02808708000107 18112 31/05/2005 0 0 54934922711 65876073783
02998609000127 18350 26/02/2008 0 0 95313373337 381253492
02998301000181 18368 31/10/2007 0.0211698 21.1698 94433283 94433
02998611000104 18376 12/07/2007 0 0 149285034996 149285034
33256439000139 18465 02/02/2005 0 0 69691269 80144959
33256439000139 18465 19/07/1999 0 0 2700 40500000
33256439000139 18465 20/07/2005 0 0 81325410 81326
03847461000192 18724 08/01/2007 0 0 87422350 174844700
03847461000192 18724 15/10/2007 0 0 174844700 349689400
03847461000192 18724 29/04/2005 0 0 43711 87422
03847461000192 18724 30/04/2004 0 0 1507282000 30146
02846056000197 18821 01/02/2006 0 0 100775450 403101800
02846056000197 18821 20/11/2001 0 0 7539378 67854402
58877812000108 19046 18/01/2008 0 0 36003 72006
04032433000180 19100 17/08/2005 0 0 379803477 382121717
04032433000180 19100 17/10/2007 0 0 317133733 15856687
01917705000130 19313 26/02/2008 0 0 95061053202 95061053
60872504000123 19348 22/08/2005 0 0 113294 1132941
60872504000123 19348 23/04/2008 0 0 2418727 3023408
60872504000123 19348 24/04/2009 0 0 4155397 4570936
60872504000123 19348 27/08/2007 0 0 1221996 2443992
60872504000123 19348 28/04/2004 0 0 115585341 115585
71673990000177 19550 02/03/2004 0 0 39 82433
71673990000177 19550 05/03/2004 0 0 39 82433
71673990000177 19550 29/03/2006 0 0 85438 427193
16670085000155 19739 01/03/2005 0 0 15360 61440
16670085000155 19739 16/05/2005 0 0 61440 62438
16670085000155 19739 20/10/2006 0 0 67232 67236
16670085000155 19739 24/04/2007 0 0 67236 201708
16670085000155 19739 25/11/2005 0 0 62438 63303
16670085000155 19739 28/04/2006 0 0 65874 65979
50746577000115 19836 05/10/2009 0 0 372810 372980
50746577000115 19836 05/12/2007 0 0 189809 272509
50746577000115 19836 06/03/2009 0 0 327548 328285
50746577000115 19836 07/08/2009 0 0 372810 372810
50746577000115 19836 11/12/2007 0 0 272509 272548
50746577000115 19836 15/07/2009 0 0 372585 372810
50746577000115 19836 15/12/2009 0 0 396734 397389
50746577000115 19836 17/11/2005 0 0 44131 60178
50746577000115 19836 18/06/2009 0 0 328285 372585
50746577000115 19836 19/09/2008 0 0 272548 327548
50746577000115 19836 19/11/2007 0 0 188886 189809
50746577000115 19836 20/11/2006 0 0 187754 188886
50746577000115 19836 22/11/2005 0 0 60178 62585
50746577000115 19836 29/10/2009 0 0 372980 396734
50746577000115 19836 30/08/2005 0 0 353048 44131
50746577000115 19836 31/08/2006 0 0 62585 187754
50746577000115 19836 31/12/2009 0 0 397389 406543
03378521000175 19879 13/01/2006 1 1000 1000 1
03378521000175 19879 19/10/2007 0.02979 29.6 1000 1
03220438000173 20010 02/02/2006 0 0 566862 141715
03220438000173 20010 12/02/2008 0 0 316835 105612
07628528000159 20036 15/03/2006 1 1000 1024000 1024
07628528000159 20036 29/10/2007 1000 10 584224 58422400
07620094000140 20150 06/11/2007 0 0 94000100 94000100
07957093000196 20168 18/12/2009 0 0 32320041 3232004100
07957093000196 20168 23/05/2008 0 0 2019285714 16154285
07794351000160 20206 01/02/2006 0 0 1300000 26000000
07794351000160 20206 12/08/2009 0 0 50852 104906
07794351000160 20206 15/03/2007 0 0 16950810 50852430
07794351000160 20206 28/06/2006 0 0 26000000 10400000
02950811000189 20478 09/09/2009 0 0 155197348 310394696
02950811000189 20478 14/12/2006 0 0 119664222 79776148
02950811000189 20478 20/10/2006 0 0 219828444 109914222
08343492000120 20915 17/12/2009 0 0 160466552 481399656
08807432000110 21016 21/06/2007 0.0676825 0.13565 400000 200000
08801621000186 21040 19/09/2007 2.37 11.85 442839 88567
08613550000198 21180 01/10/2008 1.85539 1.98483 163973200 168205342
08613550000198 21180 06/08/2008 185.539 1.85539 1639732 163973200
08613550000198 21180 08/10/2007 0.00131 0.164 164966777 1319714
04423567000121 21237 07/12/2007 0 0 105800427 4809110
04423567000121 21237 17/07/2009 0 0 6832874 136657480
00001180000126 2437 15/12/1997 0 0 53750252 537502520
00001180000126 2437 16/07/2007 0 0 564749 1129
17155730000164 2453 25/04/2008 5 5 486461 496301
17155730000164 2453 26/04/2007 0.01 0.01 162153819 243230728
17155730000164 2453 27/03/1995 0.00363636 0.01 33914648 123788466
17155730000164 2453 29/04/2009 5 5 496301 620376
17155730000164 2453 30/04/1998 0.01 0.01 129925965 158999498
17155730000164 2453 30/04/2002 0.01 0.01 158999498 162153819
83878892000155 2461 11/08/2006 0 0 771431 38571
83878892000155 2461 22/03/1993 0 0 4057276 608591
60933603000178 2577 03/09/2007 0 0 327502671 327503
33390170000189 2658 15/03/1995 0 0 15223432 103214867
33390170000189 2658 28/03/1996 0 0 117611798 123492388
62791116000143 2763 29/04/1994 0.00064 0.01636 79852 79852
62791116000143 2763 29/04/1995 0 0 79852 79852
62791116000143 2763 29/04/1996 0 0 79852 79852
62791116000143 2763 29/04/2005 0 0 237450 237
33069766000181 2860 28/04/2006 0 0 52976000 105952000
33069766000181 2860 30/04/2004 0 0 52976000000 52976000
15141799000103 3069 18/07/2008 0 0 11040 88320
22677520000176 3158 10/07/2007 0 0 5833764 116675
61584140000149 3190 25/05/1998 0.0057402 5.7402 11153726 11154
61584140000149 3190 25/07/2006 0 0 56853 284267
82981929000103 3549 26/04/2006 0 0 9600000000 960000
33611500000119 3980 12/04/2005 0 0 296708 445062
33611500000119 3980 12/04/2006 0 0 445062 667593
33611500000119 3980 26/04/1996 0 0 15631176 17975852
33611500000119 3980 28/04/2000 0 0 56745853 113491706
33611500000119 3980 29/04/2004 0 0 148354 296708
33611500000119 3980 30/04/2003 0 0 114118470 148354011
33611500000119 3980 30/05/2008 0 0 715690 1431380
33611500000119 3980 31/03/2005 0 0 296708 445062
33611500000119 3980 31/03/2006 0 0 445062 667593
82640558000104 4146 15/04/2008 0 0 1440615 14406
82640558000104 4146 28/04/1998 0 0 1580000 1698500
33592510000154 4170 10/04/1996 0 0 48569882000 388559056
33592510000154 4170 18/08/2004 0 0 388559056 1165677168
33592510000154 4170 27/04/2006 0 0 1229828529 2459657058
33592510000154 4170 31/08/2007 0 0 2459657058 4919314116
13788120000147 4359 05/09/2007 0 0 629703 3149
13788120000147 4359 13/03/2000 0 0 134271490264 134271490
13788120000147 4359 21/11/2007 0 0 3149 31485
92012467000170 4537 08/04/1997 0 0 50000000 500000000
92012467000170 4537 14/04/2004 0 0 386402340 3864023
92012467000170 4537 24/09/2008 0 0 4308905 21544525
60882628000190 4650 15/04/2009 0 3.91 369484 402556
60882628000190 4650 16/04/2008 0 5.17 353236 369484
60882628000190 4650 16/04/2009 0 3.91 369484 402556
60882628000190 4650 18/04/2006 0 3.82126 325248 348015
60882628000190 4650 18/04/2007 0 5.94 348015 353236
60882628000190 4650 19/04/2007 0 5.93844 348015 353236
60882628000190 4650 31/05/2004 0 0 108416 325248
42150391000170 4820 20/10/2003 0 0 3452695453 69053909060
42150391000170 4820 31/03/2005 0 0 90630917955 362523671
92825900000196 5150 13/07/2007 0 0 372 4099
92689256000176 5193 27/04/2006 0 0 16000000 32000000
84683408000103 5207 15/08/2007 0 0 511401961 5043019
61585865000151 5258 13/06/2007 0 0 2354 47080
61194080000158 5274 12/11/2004 0.02306 0 11782716987 11782716987
61194080000158 5274 14/04/1999 0.01826 0.01899 8922230 8579130
61194080000158 5274 16/12/2002 0.01899 0.02176 12179130 11779130
61194080000158 5274 22/04/1998 0.0166 0.0175 9311730 9311730
61194080000158 5274 22/12/2003 0.02176 0.02306 11782717 11782717
61194080000158 5274 23/04/1997 0.0151 0.0166 9311730 9311730
61194080000158 5274 24/04/1996 0.0116 0.0151 9311730 9311730
61194080000158 5274 26/10/1998 0.0175 0.01826 9311730 9311730
61194080000158 5274 27/04/1995 0.00105455 0.0116 9311730 9311730
61194080000158 5274 28/04/2006 0 0 63413536 126827072
61194080000158 5274 29/04/2005 0 0 11782716987 58913584
61194080000158 5274 31/03/2003 0.02176 0.02176 11779130 11782717
57488645000132 5479 15/08/2006 0 0 36866691 18433
82640723000110 566 22/04/2005 0.00617574 6.17575 157759 157
92189356000133 574 28/04/2006 0 0 44601023 4460103
61092037000181 5762 14/04/2009 0 0 72061434 71600000
61092037000181 5762 15/04/2008 0 0 72555934 72061434
61092037000181 5762 25/04/2007 0 0 34550445 36277967
61092037000181 5762 27/04/2004 0 0 696948929 6969489
61092037000181 5762 30/06/2006 0 0 34847445 34550445
61092037000181 5762 31/05/2005 0 0 6969489 34847445
56643018000166 5770 26/07/2007 0.527086 52.7086 926193 92619
61410395000195 6017 06/11/2007 0 0 731914303 726514
92781335000102 6173 23/04/2008 0 0 86580 95238
92781335000102 6173 27/04/2009 0 0 97338 106862
88610126000129 6211 02/04/2004 0 0 68254000 68254
88610126000129 6211 07/04/2009 0 0 68254 68254
88610126000129 6211 25/04/2006 0 0 68254 68254
88610126000129 6211 29/04/2004 0 0 68254000 68254
88611983000143 6378 17/03/1998 0 0 1457490 145749
33041260000164 6505 28/02/2002 0 0 64366 90358
45987245000192 701 04/10/2004 0 0 308195 3081
45987245000192 701 29/04/2008 1.06 2.83 2736 5473
56720428000163 7510 07/04/2009 0 0 78558 74758
56720428000163 7510 15/02/2007 0 0 6545 62362
56720428000163 7510 17/04/2007 0 0 62362 74362
56720428000163 7510 25/04/2007 0 0 74362 78558
56720428000163 7510 29/03/2005 0 0 3272736 6545
76627504000106 7595 12/11/2009 0 0 6572846 46009922
76627504000106 7595 21/07/2005 0 0 57328462177 5732846
76627504000106 7595 30/04/1999 0 0 788245658 52549711
61532644000115 7617 27/04/2007 0 0 3175632 3493195
61532644000115 7617 29/04/2008 0 0 3504214 3854635
61532644000115 7617 30/04/2009 0 0 3885885 4269628
33035536000100 7811 16/04/2003 71.7 71.7 883663 883663
33035536000100 7811 19/04/2000 71.7 71.7 883663 883663
33035536000100 7811 19/04/2001 71.7 71.7 883663 883663
33035536000100 7811 23/08/2007 76.85 0 936683 46834
33035536000100 7811 24/04/2002 71.7 71.7 883663 883663
33035536000100 7811 28/04/1997 71.7 71.7 776910 803330
33035536000100 7811 28/04/1998 71.7 71.7 803330 883663
33035536000100 7811 28/04/1999 71.7 71.7 803330 883663
33035536000100 7811 30/04/2007 76.85 76.85 883663 936683
33014556000196 8087 06/07/1999 0.00853873 0.0016312 53616866394 71427508983
92754738000162 8133 03/10/2006 0 0 24292363 121461815
92754738000162 8133 25/05/2005 0 0 3799644241 15018356
61065298000102 8397 18/04/1994 0 0 461951 9239020
61065298000102 8397 28/04/2004 0 0 9239019 9239
61065298000102 8397 28/12/1990 0 0 4782101 23097550
61065298000102 8397 30/04/1991 0 0 23097550 461951
61065298000102 8397 30/04/2008 0 0 9239019 17525838
88611835000129 8451 25/08/2006 0 0 112377 224225
88611835000129 8451 28/04/1998 0 0 820738 82074
84683762000120 8648 25/04/2008 0 0 2892 2815
84683762000120 8648 26/04/2002 0 0 301081 301081
84683762000120 8648 28/04/1997 0 0 323326 323326
84683762000120 8648 28/04/2000 0 0 323326 323326
84683762000120 8648 28/04/2006 0 0 297900 297900
84683762000120 8648 29/04/2005 0 0 297900 297900
84683762000120 8648 30/04/1996 0 0 323326 323326
84683762000120 8648 30/04/1998 0 0 323326 323326
84683762000120 8648 30/04/1999 0 0 323326 323326
84683762000120 8648 30/04/2001 0 0 323326 323326
84683762000120 8648 30/04/2003 0 0 297900 297900
84683762000120 8648 30/04/2004 0 0 297900 297900
84683762000120 8648 30/04/2007 0 0 297900 2892
84683762000120 8648 30/04/2009 0 0 2815 2815
92690783000109 8656 12/04/2005 0 0 83169 124753
92690783000109 8656 12/04/2006 0 0 124753 187130
92690783000109 8656 20/04/2000 0 0 10396099 20792198
92690783000109 8656 25/04/1996 0 0 4212087 4843900
92690783000109 8656 28/04/1995 0 0 3240052 4212067
92690783000109 8656 30/04/2003 0 0 20792198 41584395
92690783000109 8656 30/04/2004 0 0 41584 54059
92690783000109 8656 30/05/2008 0 0 206341 412682
92690783000109 8656 30/06/1997 0 0 9840883 10396099
92690783000109 8656 31/03/2005 0 0 83169 124753
92690783000109 8656 31/03/2006 0 0 124753 187130
60746948000112 906 09/12/2004 0 0 158144 474433
60746948000112 906 10/03/2009 0 0 3069870 61397
60746948000112 906 11/11/2005 0 0 490228 979853
60746948000112 906 12/03/2007 0 0 1000883 2002321
60746948000112 906 17/12/2003 0 0 1585879423 158588
60746948000112 906 18/12/2009 0 0 3115532 3427086
60746948000112 906 23/03/2007 0 0 1000883 2002321
60746948000112 906 24/03/2008 0 0 2046581 3069870
60746948000112 906 31/05/1996 0 0 631934839 947902258
33000167000101 9512 22/07/2005 0 0 1096538 4386152
33000167000101 9512 23/05/2000 0 0 108610409 1086104
33000167000101 9512 24/03/2008 0 0 4387038 8774076
88613658000110 9539 23/07/2007 0 0 1201162332 12011622
94845674000130 9997 14/04/1997 0 0 14800000 14800000
94845674000130 9997 26/04/2006 0 0 14800000 29600000
94845674000130 9997 28/04/1998 0 0 14800000 14800000
94845674000130 9997 30/04/1996 0 0 14800000 14800000
